road 1
point
c 0.000000 0.000000 0.000000
c 0.214080 0.000084 0.000720
c 0.432513 0.000262 0.000840
c 0.641546 0.000473 0.001080
c 0.862663 -0.000337 -0.011160
c 1.069936 -0.004437 -0.030440
c 1.288143 -0.015027 -0.072755
c 1.497105 -0.033258 -0.095415
c 1.703127 -0.053144 -0.096475
c 1.904424 -0.072646 -0.096715
c 2.146281 -0.095970 -0.095135
c 2.349138 -0.115389 -0.095675
c 2.564714 -0.135779 -0.091336
c 2.783376 -0.154904 -0.082256
c 2.982876 -0.170836 -0.076713
c 3.210196 -0.187503 -0.067476
c 3.437333 -0.201262 -0.051538
c 3.693417 -0.212365 -0.032758
c 3.921411 -0.218170 -0.016357
c 4.177740 -0.220256 0.002711
c 4.434166 -0.217518 0.018605
c 4.661808 -0.212721 0.022646
c 4.918133 -0.206895 0.022886
c 5.145953 -0.201670 0.022966
c 5.373633 -0.196437 0.023046
c 5.629933 -0.190524 0.023086
c 5.857584 -0.185246 0.023266
c 6.113998 -0.179465 0.018986
c 6.341679 -0.176864 -0.000134
c 6.598021 -0.179996 -0.026975
c 6.825610 -0.188456 -0.048874
c 7.082080 -0.201876 -0.053734
c 7.309331 -0.214119 -0.053794
c 7.565560 -0.227918 -0.053914
c 7.821401 -0.241723 -0.053854
c 8.077624 -0.255506 -0.053254
c 8.305321 -0.266736 -0.041875
c 8.532728 -0.274294 -0.019741
c 8.789521 -0.274077 0.032879
c 9.016516 -0.259674 0.106196
c 9.270205 -0.222353 0.195737
c 9.492098 -0.170218 0.275896
c 9.735724 -0.090700 0.365275
c 9.945651 -0.001937 0.444915
pre
beh 2 3 4
road 2
point
c 10.172220 0.117364 0.534504
c 10.364131 0.240163 0.614043
c 10.567663 0.396099 0.703604
c 10.756374 0.569620 0.793066
c 10.910256 0.737195 0.872595
c 11.067045 0.940007 0.962421
pre 1
beh 5
road 3
point
c 10.172220 -0.001937 0.444915
c 10.364131 -0.001937 0.444915
c 10.567663 -0.001937 0.444915
c 10.756374 -0.001937 0.444915
c 10.910256 -0.001937 0.444915
c 11.067045 -0.001937 0.444915
pre 1
beh 6
road 4
point
c 10.172220 -0.117364 0.534504
c 10.364131 -0.240163 0.614043
c 10.567663 -0.396099 0.703604
c 10.756374 -0.569620 0.793066
c 10.910256 -0.737195 0.872595
c 11.067045 -0.940007 0.962421
pre 1
beh 7
road 5
point
c 11.205998 1.155302 1.031280
c 11.321226 1.351536 1.044179
c 11.450080 1.573345 1.044779
c 11.564482 1.770409 1.044819
c 11.693152 1.992056 1.044839
c 11.807541 2.189113 1.044879
c 11.935924 2.410997 1.052241
c 12.046997 2.610169 1.076758
c 12.164757 2.837333 1.114704
c 12.261518 3.043954 1.156788
c 12.359214 3.280687 1.208322
c 12.435606 3.495487 1.256141
c 12.509080 3.741191 1.310544
c 12.562977 3.962248 1.358462
c 12.607085 4.185810 1.393918
c 12.651205 4.438360 1.400573
c 12.688108 4.663401 1.422682
c 12.719720 4.904290 1.464924
c 12.739228 5.141221 1.519901
c 12.745431 5.369600 1.566248
c 12.745433 5.577863 1.570875
c 12.747977 5.781471 1.534988
c 12.761146 6.008427 1.490203
c 12.780767 6.218718 1.466812
c 12.804931 6.446441 1.466412
c 12.826918 6.673539 1.484413
c 12.843185 6.888195 1.505790
c 12.856137 7.088158 1.506091
c 12.869675 7.296753 1.505671
pre 2
beh 
road 6
point
c 11.205998 0 0
c 11.321226 0 0
c 11.450080 0 0
c 11.564482 0 0
c 11.693152 0 0
c 11.807541 0 0
c 11.935924 0 0
c 12.046997 0 0
c	12.164757	0	0
c	12.261518	0	0
c	12.359214	0	0
c	12.435606	0	0
c	12.50908	0	0
c	12.562977	0	0
c	12.607085	0	0
c	12.651205	0	0
c	12.688108	0	0
c	12.71972	0	0
c	12.739228	0	0
c	12.745431	0	0
c	12.745433	0	0
c	12.747977	0	0
c	12.761146	0	0
c	12.780767	0	0
c	12.804931	0	0
c	12.826918	0	0
c	12.843185	0	0
c	12.856137	0	0
c	12.869675	0	0
c	12.91518	0	0
c	13.059214	0	0
c	13.135606	0	0
c	13.30908	0	0
c	13.562977	0	0
c	13.607085	0	0
c	13.751205	0	0
c	13.888108	0	0
c	13.91972	0	0
c	14.039228	0	0
c	14.145431	0	0
c	14.245433	0	0
c	14.347977	0	0
c	14.461146	0	0
c	14.580767	0	0
c	14.604931	0	0
c	14.726918	0	0
c	14.843185	0	0
c	14.956137	0	0
c	15.039228	0	0
c	15.145431	0	0
c	15.245433	0	0
c	15.347977	0	0
c	15.461146	0	0
c	15.580767	0	0
c	15.604931	0	0
c	15.726918	0	0
c	15.843185	0	0
c	15.956137	0	0
pre 3
beh 
road 7
point
c 11.205998 -1.155302 -1.031280
c 11.321226 -1.351536 -1.044179
c 11.450080 -1.573345 -1.044779
c 11.564482 -1.770409 -1.044819
c 11.693152 -1.992056 -1.044839
c 11.807541 -2.189113 -1.044879
c 11.935924 -2.410997 -1.052241
c 12.046997 -2.610169 -1.076758
c 12.164757 -2.837333 -1.114704
c 12.261518 -3.043954 -1.156788
c 12.359214 -3.280687 -1.208322
c 12.435606 -3.495487 -1.256141
c 12.509080 -3.741191 -1.310544
c 12.562977 -3.962248 -1.358462
c 12.607085 -4.185810 -1.393918
c 12.651205 -4.438360 -1.400573
c 12.688108 -4.663401 -1.422682
c 12.719720 -4.904290 -1.464924
c 12.739228 -5.141221 -1.519901
c 12.745431 -5.369600 -1.566248
c 12.745433 -5.577863 -1.570875
c 12.747977 -5.781471 -1.534988
c 12.761146 -6.008427 -1.490203
c 12.780767 -6.218718 -1.466812
c 12.804931 -6.446441 -1.466412
c 12.826918 -6.673539 -1.484413
c 12.843185 -6.888195 -1.505790
c 12.856137 -7.088158 -1.506091
c 12.869675 -7.296753 -1.505671
pre 4
beh
